1.000000000000000000e+00 -3.670011079015116917e-01 -1.296114265599009052e-01 -4.279879334118318335e-01 -1.184117245531121076e-01 5.186299068726264450e-01 -8.234827409102276480e-03 2.214793617197730394e-02 -2.371363673757967971e-01 -1.518439386316647599e-01 2.104178352733716562e-01 3.350865530378236562e-02 -7.830602384815008032e-02 5.827015723014089543e-02 3.536671890151432129e-01 4.312089630857136591e-01 -1.991071513051305419e-01 -1.559096955983062527e-01 -3.848565711844938453e-01 7.132315969226596386e-02
-3.670011079015116917e-01 9.999999999999997780e-01 -4.695790371867534368e-02 1.959172830530741816e-01 -7.873565543615136664e-02 -3.514493459063196545e-01 -1.003444937436898526e-01 -3.725244609862681799e-01 -3.237217545507551503e-02 6.148367932758968396e-02 -3.842715471851139153e-01 -2.225056845963765684e-01 2.783304379385479962e-02 -3.560228777053385096e-03 -2.520807255289077009e-01 -2.074336369458741058e-01 6.217787373345759483e-03 -1.619954140778286089e-01 2.254014682041933504e-01 1.617530006817054777e-01
-1.296114265599009052e-01 -4.695790371867535062e-02 9.999999999999998890e-01 1.582351535046545576e-01 -1.862642089354769326e-01 2.935349116973685057e-01 1.140680583999322123e-01 3.367219522256241770e-01 -3.512510408741058993e-02 3.833437421408686374e-02 5.003486512255457801e-04 -9.712619828714209869e-02 4.236243357030942958e-02 3.839435195158699687e-01 -1.595044436278170719e-01 -6.187531010965743317e-01 -3.388134163010879663e-01 -1.155375823431562671e-01 1.805719413805375040e-01 -1.262362444675583506e-01
-4.279879334118318890e-01 1.959172830530741816e-01 1.582351535046545576e-01 9.999999999999997780e-01 -4.251807983530041524e-01 -2.942468546712612709e-01 -1.345765895400586054e-01 7.955684958950270946e-03 -4.070890464009347398e-01 5.944640877784381772e-01 1.908981036065466935e-03 -2.578179027484244212e-01 2.593596277769366076e-01 -9.841162698071083403e-02 -2.736494807526565487e-01 -1.100846072590026120e-01 1.322590994761943251e-01 -2.330988335909177367e-02 3.590808547081780211e-01 1.425043328790894237e-01
-1.184117245531121076e-01 -7.873565543615136664e-02 -1.862642089354769326e-01 -4.251807983530042079e-01 1.000000000000000000e+00 -3.013271266904952173e-01 -2.959345795973939569e-02 2.998587150105577193e-01 2.686579648154230893e-01 -2.242222159439955231e-01 -1.872275912977244480e-02 1.325458559965077832e-01 1.550832567140324539e-02 -1.484626837259236110e-01 -3.486188565811551565e-02 2.254760403397024771e-01 -3.307854279990240509e-01 3.412607859491919582e-01 -1.438085662568699408e-01 2.532997712051873393e-02
5.186299068726264450e-01 -3.514493459063197101e-01 2.935349116973685613e-01 -2.942468546712612154e-01 -3.013271266904952173e-01 1.000000000000000000e+00 2.004260182758625664e-01 -7.905953310206836893e-02 4.767096335442461835e-02 -2.190519108207297783e-01 2.461256566670813883e-01 2.398433518573162282e-01 -3.145595774734002287e-02 3.729194099109474081e-01 4.551345501192060605e-01 -3.075363458497943348e-01 -1.417991237844288821e-01 -2.477379373746859126e-01 -6.194667334904278011e-01 -9.520002277834017923e-02
-8.234827409102274745e-03 -1.003444937436898526e-01 1.140680583999322123e-01 -1.345765895400586054e-01 -2.959345795973939569e-02 2.004260182758625664e-01 1.000000000000000000e+00 1.773254398330429416e-01 3.229273900679364151e-01 -5.588949633857857036e-01 -2.009544716987871071e-01 -2.163876547465681810e-01 -1.644710166107415106e-01 2.045754048119931834e-01 4.760906475971156682e-01 -1.467587072309425866e-01 3.783619157048919157e-01 -1.144601260230871803e-01 1.533955944338346589e-01 3.507893285168425801e-01
2.214793617197730394e-02 -3.725244609862681799e-01 3.367219522256241215e-01 7.955684958950270946e-03 2.998587150105576637e-01 -7.905953310206836893e-02 1.773254398330429416e-01 1.000000000000000222e+00 9.741867062420171697e-02 -8.259954646254777377e-02 7.796831113579084926e-02 -4.157994489973950575e-02 -2.578434923279859237e-01 2.227096286499761213e-01 -5.327202024176931616e-02 -1.544770789313950621e-01 -2.854079780466599048e-01 2.068280627302507557e-01 -1.874165206577337733e-02 -1.177076621923850257e-02
-2.371363673757967694e-01 -3.237217545507551503e-02 -3.512510408741058993e-02 -4.070890464009347398e-01 2.686579648154230893e-01 4.767096335442461835e-02 3.229273900679364151e-01 9.741867062420173085e-02 1.000000000000000000e+00 -6.498681052203575392e-01 -6.632144704299811067e-02 9.225369646812350832e-02 1.402757775652840877e-01 2.595035150616426534e-01 1.906875470023619012e-01 -3.586094729168370909e-01 3.840735515108681941e-01 2.367928406387684315e-01 4.442023536475119688e-02 -1.911284643649772408e-01
-1.518439386316647599e-01 6.148367932758969090e-02 3.833437421408686374e-02 5.944640877784381772e-01 -2.242222159439955231e-01 -2.190519108207297783e-01 -5.588949633857858146e-01 -8.259954646254778765e-02 -6.498681052203575392e-01 1.000000000000000000e+00 1.328377233662522694e-01 -2.762551345954908921e-01 -4.292414100759232853e-02 -3.180759404401847790e-01 -1.166960794994026662e-01 2.250476181685356902e-01 -1.982400157293118803e-01 -2.789041179662155034e-01 -3.440039901664725727e-03 -1.851304203630803058e-01
2.104178352733716562e-01 -3.842715471851138598e-01 5.003486512255458886e-04 1.908981036065466935e-03 -1.872275912977244480e-02 2.461256566670813883e-01 -2.009544716987871071e-01 7.796831113579084926e-02 -6.632144704299812454e-02 1.328377233662522416e-01 1.000000000000000000e+00 1.113817799922524887e-01 5.697700884514225045e-02 2.962200229119709566e-02 2.886773078210655985e-01 1.251398038544143110e-01 7.202838166752159599e-02 1.839905164099640963e-03 -3.920805748589299977e-01 -1.616294838232996134e-01
3.350865530378236562e-02 -2.225056845963765684e-01 -9.712619828714211256e-02 -2.578179027484244212e-01 1.325458559965077554e-01 2.398433518573162282e-01 -2.163876547465681810e-01 -4.157994489973950575e-02 9.225369646812350832e-02 -2.762551345954908366e-01 1.113817799922524887e-01 9.999999999999998890e-01 1.464434257800447392e-01 -1.171355077253004862e-01 -2.653893042359902199e-01 -2.805735680717812430e-01 -4.168505242236406061e-01 1.970598270525886486e-01 -2.236383609541190975e-01 7.186019947747727607e-03
-7.830602384815008032e-02 2.783304379385480309e-02 4.236243357030942958e-02 2.593596277769366076e-01 1.550832567140324365e-02 -3.145595774734002287e-02 -1.644710166107415106e-01 -2.578434923279859792e-01 1.402757775652840877e-01 -4.292414100759232853e-02 5.697700884514225045e-02 1.464434257800447392e-01 1.000000000000000000e+00 -9.937111687509959934e-02 -2.544384193844364053e-02 -1.617711506541036348e-01 3.904957309044965186e-02 1.792343934434133604e-02 4.770347339433750333e-02 -2.418032550354809115e-02
5.827015723014090237e-02 -3.560228777053385529e-03 3.839435195158700243e-01 -9.841162698071083403e-02 -1.484626837259236387e-01 3.729194099109474081e-01 2.045754048119931834e-01 2.227096286499761213e-01 2.595035150616425978e-01 -3.180759404401847790e-01 2.962200229119709566e-02 -1.171355077253004723e-01 -9.937111687509959934e-02 1.000000000000000000e+00 -3.782447351422280057e-02 -4.811361008397523897e-01 -4.140947387361830490e-02 1.597067304084983930e-01 -1.036346893768600452e-01 -4.230173911129784733e-03
3.536671890151432129e-01 -2.520807255289077009e-01 -1.595044436278170719e-01 -2.736494807526566042e-01 -3.486188565811550871e-02 4.551345501192060605e-01 4.760906475971156127e-01 -5.327202024176930922e-02 1.906875470023619290e-01 -1.166960794994026662e-01 2.886773078210656540e-01 -2.653893042359901644e-01 -2.544384193844364400e-02 -3.782447351422280057e-02 1.000000000000000222e+00 1.407502928193191949e-01 3.453767206060238681e-01 -4.717699500229621257e-01 -4.213321738036928665e-01 -1.026850596285157902e-01
4.312089630857136591e-01 -2.074336369458740781e-01 -6.187531010965743317e-01 -1.100846072590025981e-01 2.254760403397024771e-01 -3.075363458497942792e-01 -1.467587072309425866e-01 -1.544770789313950621e-01 -3.586094729168370909e-01 2.250476181685356902e-01 1.251398038544143110e-01 -2.805735680717812985e-01 -1.617711506541036348e-01 -4.811361008397523897e-01 1.407502928193191949e-01 1.000000000000000000e+00 1.510833659074149182e-01 -4.738177120961666738e-02 -4.071894917624065829e-02 9.678530013641106766e-02
-1.991071513051305419e-01 6.217787373345759483e-03 -3.388134163010879663e-01 1.322590994761943251e-01 -3.307854279990241064e-01 -1.417991237844288821e-01 3.783619157048918602e-01 -2.854079780466598493e-01 3.840735515108681941e-01 -1.982400157293118803e-01 7.202838166752159599e-02 -4.168505242236405506e-01 3.904957309044965880e-02 -4.140947387361830490e-02 3.453767206060238681e-01 1.510833659074148905e-01 9.999999999999997780e-01 -2.509485109193712940e-02 1.913064097960520682e-01 -5.135005578602777621e-02
-1.559096955983062527e-01 -1.619954140778286367e-01 -1.155375823431562532e-01 -2.330988335909177367e-02 3.412607859491920137e-01 -2.477379373746859126e-01 -1.144601260230871803e-01 2.068280627302507557e-01 2.367928406387684592e-01 -2.789041179662154479e-01 1.839905164099640963e-03 1.970598270525886209e-01 1.792343934434133604e-02 1.597067304084984207e-01 -4.717699500229621257e-01 -4.738177120961666738e-02 -2.509485109193712940e-02 9.999999999999997780e-01 2.476291478437171178e-01 3.238864742602940439e-01
-3.848565711844937898e-01 2.254014682041933781e-01 1.805719413805375040e-01 3.590808547081780211e-01 -1.438085662568699408e-01 -6.194667334904276901e-01 1.533955944338346589e-01 -1.874165206577337733e-02 4.442023536475119688e-02 -3.440039901664725727e-03 -3.920805748589299977e-01 -2.236383609541191531e-01 4.770347339433749639e-02 -1.036346893768600452e-01 -4.213321738036928665e-01 -4.071894917624065829e-02 1.913064097960520682e-01 2.476291478437171178e-01 1.000000000000000000e+00 1.835901840158085108e-01
7.132315969226596386e-02 1.617530006817055055e-01 -1.262362444675583784e-01 1.425043328790894515e-01 2.532997712051873393e-02 -9.520002277834017923e-02 3.507893285168425801e-01 -1.177076621923850257e-02 -1.911284643649772408e-01 -1.851304203630803336e-01 -1.616294838232996411e-01 7.186019947747728474e-03 -2.418032550354809115e-02 -4.230173911129783866e-03 -1.026850596285158040e-01 9.678530013641106766e-02 -5.135005578602777621e-02 3.238864742602940439e-01 1.835901840158085108e-01 9.999999999999997780e-01
